#pragma once

namespace common
{
    // clang-format off
    constexpr double gaussian_kernel_11x11[11][11] = {
        { 0.001, 0.002, 0.003, 0.004, 0.005, 0.005, 0.005, 0.004, 0.003, 0.002, 0.001 },
        { 0.002, 0.003, 0.005, 0.007, 0.008, 0.008, 0.008, 0.007, 0.005, 0.003, 0.002 },
        { 0.003, 0.005, 0.007, 0.010, 0.012, 0.012, 0.012, 0.010, 0.007, 0.005, 0.003 },
        { 0.004, 0.008, 0.010, 0.013, 0.015, 0.016, 0.015, 0.013, 0.010, 0.007, 0.004 },
        { 0.005, 0.008, 0.012, 0.015, 0.018, 0.019, 0.018, 0.015, 0.012, 0.008, 0.005 },
        { 0.005, 0.008, 0.012, 0.016, 0.019, 0.020, 0.019, 0.016, 0.012, 0.008, 0.005 },
        { 0.005, 0.008, 0.012, 0.015, 0.018, 0.019, 0.018, 0.015, 0.012, 0.008, 0.005 },
        { 0.004, 0.008, 0.010, 0.013, 0.015, 0.016, 0.015, 0.013, 0.010, 0.007, 0.004 },
        { 0.003, 0.005, 0.007, 0.010, 0.012, 0.012, 0.012, 0.010, 0.007, 0.005, 0.003 },
        { 0.002, 0.003, 0.005, 0.007, 0.008, 0.008, 0.008, 0.007, 0.005, 0.003, 0.002 },
        { 0.001, 0.002, 0.003, 0.004, 0.005, 0.005, 0.005, 0.004, 0.003, 0.002, 0.001 },
    };
} // namespace common
// clang-format on
